26
25
31
27
32
31
24
33
26
26
20
20
26
20
31
23
21
21
23
29
22
22
22
22
31
25
25
25
25
25
22
20
21
21
22
20
32
31
31
23
31
22
25
24
23
29
26
24
25
25
26
27
26
20
24
24
33
27
33
22
24
33
33
33
22
29
22
22
26
29
28
23
24
27
27
24
20
30
23
30
25
22
25
26
25
25
31
27
33
28
31
32
28
29
24
30
32
29
29
25
31
30
30
30
28
29
28
28
32
30
28
28
28
32
32
32
34
29
33
30
30
33
30
30
29
34
30
34
33
33
34
29
29
25
33
32
26
31
23
24
32
21
24
21
27
26
31
21
26
30
32
30
28
27
28
27
33
30
30
26
28
32
24
31
29
32
27
32
29
31
29
29
31
26
21
35
24
21
21
21
20
28
26
32
23
33
27
32
24
31
23
22
23
23
32
20
30
30
29
26
29
23
26
21
31
26
27
27
27
28
28
27
27
27
28
27
27
34
28
30
31
23
23
23
25
23
20
20
20
20
20
20
31
20
33
22
22
25
29
28
28
24
23
34
21
27
22
24
24
25
24
24
25
33
21
28
32
20
29
26
21
21
21
21
20
20
20
22
22
23
23
30
21
32
33
33
25
33
21
22
22
23
32
31
24
26
33